68576516
60011397
60143210
60160576
60961651
60978162
60978358
61458092
61501584
61578655
61612907
61812892
61997560
62010613
62027436
62031164
62051523
62075100
62103088
62141812
62154132
62159379
62187785
62202110
62253876
62263577
62310897
62359554
62486042
62524986
62550908
62564700
62594477
62652975
62656967
62659702
62721480
62769977
62774257
62787643
62814834
62834163
62891787
62900328
62957674
63027267
63035142
63038393
63100664
63124902
63143765
63153493
63401147
63441685
63515081
63544555
63555707
63684569
63782791
63827625
63832616
63864759
63876597
63883850
63947562
63976904
64133692
64150835
64191596
64220531
64229908
64232517
64234839
64267470
64281798
64313515
64336383
64368821
64393614
64411252
64429076
64443079
64451499
64496808
64503087
64520157
64532924
64591411
64647846
64688761
64712298
64731966
64778658
64788487
64860241
64894304
64895436
64908227
64960150
64969354
64971195
64972962
65056083
65061223
65097955
65147245
65163218
65188381
65228460
65281055
65369954
65377097
65398296
65488371
65490565
65539288
65559477
65619111
65630352
65633508
65648993
65693167
65723533
65771241
65824808
65830663
65863319
65867419
65887675
65916978
65941526
65943484
65945090
65952585
66002141
66031940
66039669
66046948
66088214
66118408
66170696
66202056
66221428
66225869
66242224
66261839
66309684
66331075
66370566
66414314
66426593
66463052
66493833
66494204
66496756
66524360
66603443
66613490
66636014
66774376
66821901
66832233
66835240
66856997
66860473
66895056
66905948
66945789
66972301
67002644
67077817
67083825
67101473
67268441
67333996
67336670
67363499
67389067
67440381
67481954
67484842
67511790
67537326
67570021
67573027
67581834
67630651
67635772
67684313
67688080
67688698
67819610
67842847
67860898
67903735
67921940
68027938
68033266
68108758
68108932
68112418
68136678
68160793
68177985
68234253
68263766
68305382
68312262
68314690
68322739
68339606
68341497
68348608
68392353
68428559
68451371
68475903
68526778
68594211
68609940
68645878
68664794
68684113
68691824
68698323
68698973
68762367
68830828
68905165
68910460
68964380
68983480
68991563
68998384
69007439
69018506
69131808
69133736
69219570
69269086
69370539
69379491
69442221
69442243
69486294
69499581
69501183
69509361
69509927
69539513
69539576
69591150
69628316
69709559
69748994
69761784
69765681
69800867
69835576
69847264
69885983
69969219
64169195
66027353
60011018
60011088
60033230
60056898
60078553
60081302
60082226
60097164
60099845
60104417
60142193
60166888
60254229
60256378
60269818
60270946
60277900
60293063
60294168
60303213
60306909
60308063
60311315
60314970
60317560
60342953
60370229
60370720
60371291
60382330
60392008
60394253
60424874
60460314
60487885
60502037
60504156
60505685
60590598
60607205
60649183
60650165
60652409
60652747
60669838
60698970
60700662
60702337
60738585
60743351
60758866
60760318
60773188
60774681
60786155
60825372
60826254
60847439
60853080
60862254
60869981
60875920
60953396
60969893
60992436
60996573
61005711
61014815
61016683
61021002
61024231
61034882
61037601
61040290
61041245
61052722
61059170
61081164
61130501
61162947
61164322
61184522
61207164
61208515
61220383
61244638
61270204
61277153
61287921
61292293
61308587
61339907
61348190
61352304
61377009
61387299
61452656
61457495
61461508
61464685
61512625
61513145
61516568
61521664
61522992
61524060
61567417
61572276
61579595
61611614
61630447
61633825
61637682
61649803
61651121
61654431
61672597
61677127
61716179
61735457
61871063
61916453
61939011
61990321
61999933
62000343
62001974
62004663
62005914
62008759
62010090
62013642
62014731
62015083
62015108
62015611
62016613
62017068
62017144
62019882
62022756
62024720
62025462
62025942
62030965
62032503
62038409
62042279
62043044
62045848
62062017
62065126
62072247
62072754
62073840
62078838
62083777
62083802
62087944
62090593
62095945
62101801
62103974
62104852
62108096
62110451
62112436
62113914
62115041
62121692
62122726
62123405
62127691
62131239
62136150
62138751
62139660
62139711
62141253
62141818
62143104
62148547
62152991
62153249
62156742
62157086
62159215
6216 8145
62161631
62167180
62168145
62168470
62170831
62171797
62172732
62178926
62186544
62188524
62189930
62195581
62197235
62197304
62199243
62201791
62203249
62205723
62205863
62208554
62212731
62214409
62215367
62216169
62220491
62223317
62223396
62225324
62227007
62229028
62230862
62230899
62238571
62239632
62243362
62248852
62251414
62259571
62261845
62277123
62281559
62281761
62286614
62286949
62291513
62297169
62300628
62303113
62303462
62306965
62310926
62313271
62314669
62316830
62317305
62317694
62320904
62323783
62329357
62330569
62331002
62335025
62339377
62339995
62341721
62342188
62342857
62342876
62345147
62347647
62348930
62353473
62353873
62356419
62358827
62359544
62360194
62362096
62363045
62363735
62365369
62366707
62377428
62379391
62380918
62382254
62384558
62385123
62385461
62386818
62386903
62392472
62393915
62394160
62397364
62398354
62410839
62411852
62415704
62419302
62421985
62423049
62426375
62427924
62428494
62429279
62436321
62437389
62439980
62442512
62448015
62448705
62453263
62454774
62456456
62465635
62467519
62472821
62482992
62484200
62487887
62488346
62490737
62490830
62491192
62492673
62496938
62497287
62497373
62498510
62498529
62511114
62512098
62512435
62512559
62518394
62521827
62524833
62526097
62527594
62531866
62532881
62533100
62535596
62535958
62537720
62549030
62551584
62552103
62552646
62561109
62562378
62567029
62570209
62572501
62580874
62582526
62591154
62596463
62596830
62599507
62599556
62600933
62606012
62611851
62612628
62621218
62621437
62624909
62631324
62632801
62633939
62634011
62636078
62642077
62643059
62643878
62649890
62651744
62654431
62655090
62657477
62657574
62661824
62664867
62670266
62672302
62674812
62676281
62677912
62678942
62678994
62680055
62680071
62682251
62684324
62693516
62694221
62700791
62701937
62706837
62711676
62715406
62719871
62720198
62721338
62724746
62731813
62737102
62737565
62737803
62738941
62743220
62748511
62749184
62749999
62751038
62757105
62762423
62763339
62768269
62769795
62771604
62779679
62779796
62781202
62784158
62784285
62784608
62787026
62792696
62792853
62793994
62804007
62804809
62806506
62806723
62807661
62810071
62810814
62818792
62819930
62819964
62824041
62824247
62826254
62826622
62828300
62832913
62834434
62835575
62840749
62841391
62841439
62852985
62853127
62856979
62857918
62861848
62865152
62865187
62865198
62866576
62866773
62866820
62866827
62867794
62869142
62873152
62879058
62888786
62892558
62893010
62898051
62903422
62906226
62919659
62923010
62927022
62931273
62931275
62939320
62941231
62942687
62947749
62948299
62948732
62952430
62953905
62959013
62962696
62969055
62972386
62976665
62984047
62987246
62998500
62999088
63000972
63002668
63006186
63017246
63024802
63024892
63028436
63029602
63031707
63038610
63040806
63043221
63049557
63050234
63051137
63055578
63058933
63059632
63066845
63066927
63075847
63085150
63089106
63090136
63091890
63092815
63096570
63099063
63103134
63105169
63110324
63115778
63117219
63118589
63128989
63130030
63133646
63134512
63137930
63143599
63146376
63151767
63157120
63158667
63159040
63160602
63164152
63165758
63167180
63169364
63171487
63172238
63179211
63184025
63184163
63187755
63193079
63197716
63198834
63201421
63203673
63207036
63209949
63212731
63219226
63223489
63227769
63229724
63230828
63240183
63247156
63248780
63249279
63255524
63261360
63266489
63268006
63271202
63273074
63273343
63275072
63279087
63279991
63282810
63288647
63292020
63297436
63302190
63307243
63308664
63309673
63327077
63335577
63342943
63360218
63377469
63378657
63382699
63401396
63407192
63414623
63416241
63416838
63423726
63438992
63451841
63456968
63466184
63468545
63470742
63478516
63485136
63491279
63492617
63493415
63493878
63495177
63501492
63504400
63506125
63507742
63507854
63508932
63509431
63510206
63513073
63513227
63523975
63524688
63543936
63545021
63545511
63552508
63553896
63555766
63561456
63564482
63565687
63567424
63570391
63571815
63582511
63619504
63620707
63622753
63624155
63624497
63626092
63634851
63639217
63646102
63650790
63661623
63667983
63668029
63668030
63680540
63680969
63686431
63687481
63701600
63702330
63705861
63712933
63716056
63730499
63732069
63734330
63737055
63738102
63744842
63745840
63750386
63752062
63757468
63760828
63764728
63766161
63773455
63782419
63781704
63784201
63784577
63785728
63787019
63787927
63792408
63793406
63793517
63796215
63799569
63799851
63807374
63812925
63814227
63815008
63821795
63823108
63825353
63825450
63828149
63828235
63830288
63830662
63835792
63838761
63843763
63845264
63845324
63845967
63846981
63849191
63852089
63853568
63860690
63865890
63868077
63869501
63872990
63873049
63877806
63881966
63883785
63884307
63884917
63885612
63886296
63894983
63895103
63897923
63904606
63905462
63905671
63906779
63912458
63913624
63915140
63915331
63916741
63918309
63920328
63922156
63925950
63927547
63928464
63929577
63930203
63937513
63942377
63950631
63956743
63960089
63962630
63962984
63963172
63966933
63967980
63970592
63972932
63984264
63986800
63987483
63990304
63992918
63994173
64002428
64004242
64008460
64009227
64011388
64016317
64016354
64018151
64021635
64022065
64023710
64025092
64025649
64027156
64032032
64037002
64041325
64043173
64045355
64046989
64048798
64048968
64049631
64051935
64056606
64058305
64069178
64070110
64075410
64079198
64085759
64087754
64087885
64096939
64097616
64098718
64098939
64099511
64103053
64106965
64107284
64110377
64120821
64125917
64132592
64133376
64133595
64134535
64135998
64140296
64144967
64145874
64148633
64152077
64152476
64154820
64154872
64164968
64168049
64174212
64174991
64174996
64178008
64182014
64182504
64186724
64192072
64193090
64196040
64197637
64202254
64206665
64210158
64213849
64219291
64222082
64224560
64228909
64229828
64230504
64230895
64232386
64232443
64232965
64240489
64241221
64243082
64244598
64250151
64253012
64261302
64265843
64266397
64268794
64269239
64269836
64273805
64276834
64277051
64295539
64302122
64317649
64318714
64319374
64319572
64320972
64323103
64323280
64337407
64338380
64338556
64339592
64341932
64342996
64343653
64348984
64352471
64356558
64357255
64361483
64363820
64365231
64366829
64367456
64368053
64371306
64371770
64373698
64375949
64378264
64378915
64379294
64382539
64384903
64385214
64386038
64401428
64401478
64407288
64413022
64417129
64419875
64421113
64426524
64428386
64429980
64433454
64442530
64443087
64443741
64445139
64445375
64445410
64450856
64454489
64456690
64460376
64464261
64467989
64469009
6447 9164
64471273
64472300
64475540
64482473
64482723
64485854
64490151
64490734
64494299
64495092
64499630
64501904
64502562
64506937
64507652
64508760
64509854
64511649
64512851
64514881
64519027
64520300
64527070
64529698
64530501
64535552
64535649
64536918
64542145
64545821
64547291
64549479
64549495
64550208
64551866
64552031
64554011
64554335
64560157
64560219
64565106
64568603
64578360
64584067
64586882
64586893
64587739
64590707
64592875
64595943
64601128
64604568
64604826
64606617
64607840
64608398
64610825
64613302
64613939
64617399
64623679
64629652
64630285
64639829
64643842
64643898
64652248
64659302
64660026
64660443
64664160
64665839
64667811
64669276
64669756
64670230
64676552
64678161
64678447
64683735
64683773
64684173
64684192
64684354
64685153
64688088
64688153
64697605
64697955
64702283
64706416
64707873
64708918
64714210
64715607
64720304
64720892
64722228
64726982
64727598
64727645
64728590
64728925
64732276
64738917
64739327
64741565
64741616
64741836
64742723
64748641
64750472
64753980
64754321
64761529
64771782
64776290
64777822
64783529
64785258
64786201
64787257
64788397
64790274
64793228
64793763
64794669
64796594
64798820
64804726
64809042
64809200
64812341
64812646
64813633
64821013
64821463
64821685
64822077
64822874
64826590
64828887
64833304
64837251
64841168
64843209
64844581
64853529
64861538
64861549
64861957
64863641
64863837
64864573
64867102
64868714
64869833
64879711
64883432
64884299
64890425
64895097
64901010
64901904
64906215
64910364
64911117
64922421
64922629
64924645
64928951
64935855
64937254
64938834
64940369
64947040
64950710
64951480
64952449
64955170
64958058
64959467
64962485
64963792
64969236
64970790
64974722
64975520
64976204
64976827
64978542
64984227
64984412
64985473
64986761
64987555
64991842
64994177
64994465
64995561
64997868
65000895
65004374
65009223
65011563
65012238
65012677
65016200
65016760
65025313
65037132
65045329
65048023
65050300
65051191
65054417
65056309
65056655
65058633
65067215
65074288
65088041
65096498
65099754
65101029
65102102
65102361
65107407
65107437
65111122
65112532
65113995
65122209
65123972
65128501
65134791
65137371
65140515
65141320
65142991
65144476
65148279
65167979
65168631
65169773
65174372
65175271
65177646
65180041
65180997
65182965
65186384
65187481
65192367
65192755
65192916
65212001
65214532
65217757
65219829
65220057
65220688
65221110
65228234
65230833
65231564
65260231
65261643
65263745
65264473
65273167
65273384
65274415
65275565
65276681
65282395
65283445
65286076
65287909
65290823
65291226
65294996
65304552
65307499
65309391
65316142
65329637
65329702
65329942
65333859
65334926
65347036
65350206
65354057
65354579
65356959
65357736
65360814
65362956
65370205
65370600
65371946
65375071
65382651
65387794
65388561
65394203
65401855
65402510
65404818
65404921
65410172
65411431
65412140
65412394
65414998
65417945
65418466
65420713
65432663
65435143
65439644
65443929
65446411
65455632
65459839
65467694
65471028
65479694
65480809
65485027
65485423
65486252
65487921
65491375
65495811
65497468
65497901
65501152
65501414
65504963
65505774
65509201
65511417
65519102
65522779
65524712
65527375
65529056
65530159
65530292
65531192
65536693
65537159
65541927
65542303
65549778
65549781
65551188
65554547
65554906
65558087
65559591
65559685
65573052
65576087
65579939
65585690
65590210
65600829
65604155
65605555
65606349
65607235
65612083
65612707
65612898
65620530
65621011
65622974
65625077
65632319
65639854
65640032
65645994
65647994
65648100
65649157
65649298
65650677
65652491
65652777
65657041
65659431
65659703
65664804
65666796
65670142
65674841
65683428
65684440
65689179
65690769
65693418
65697000
65697688
65698288
65698539
65702625
65705255
65709355
65711052
65717107
65719048
65720194
65722747
65725670
65733933
65733576
65745148
65746941
65748409
65748501
65753397
65753792
65754964
65759735
65759952
65766648
65767507
65768934
65769884
65772104
65773687
65779202
65783480
65786821
65787118
65790179
65791787
65793049
65793274
65794545
65797005
65805425
65805760
65809568
65810525
65813960
65820439
65822211
65833768
65835203
65836039
65837637
65840237
65848268
65848784
65850863
65851034
65853212
65854711
65855516
65858468
65860517
65861236
65863299
65863777
65864225
65865559
65866770
65867993
65870185
65877734
65882744
65882980
65887396
65888503
65889403
65889903
65891488
65898066
65901228
65908510
65913830
65916683
65919464
65921513
65921550
65922311
65925614
65929837
65934477
65936104
65938399
65945745
65946522
65947487
65952580
65961544
65962740
65963697
65963752
65964653
65964729
65969151
65970409
65971579
65973954
65975306
65979585
65982621
65985847
65986269
65991070
65992074
65993888
65995961
65998173
65998925
66003415
66004175
66011966
66028636
66028709
66031084
66039650
66040235
66042816
66046046
66051935
66054933
66056874
66063691
66070301
66073146
66075220
66075414
66079208
66080464
66085340
66087404
66087804
66089679
66090166
66091646
66092463
66093176
66094258
66094559
66095815
66096480
66097842
66098475
66111466
66112512
66113249
66113292
66114059
66116978
66117923
66131396
66134467
66135024
66136799
66141218
66142423
66147692
66151129
66154807
66161028
66178945
66186077
66188945
66189870
66197418
66202261
66203390
66204017
66206744
66207004
66208433
66210185
66210608
66211760
66212561
66213576
66215214
66216573
66217052
66221625
66228163
66228548
66229940
66232721
66235145
66235297
66236313
66238796
66245795
66251102
66253236
66255536
66271395
66279495
66282726
66283457
66285549
66290475
66290609
66291612
66292096
66294150
66298678
66301235
66303217
66303643
66306539
66307653
66308067
66308085
66312562
66314844
66315705
66321421
66322359
66325432
66326464
66327178
66331529
66332378
66333789
66334871
66338697
66339526
66339613
66348149
66352777
66353432
66353855
66354894
66359840
66361453
66368960
66371282
66376062
66378031
66382948
66384419
66388768
66391797
66397122
66397275
66400702
66402956
66404261
66418717
66424159
66424396
66428653
66436508
66446333
66446383
66448103
66450459
66453807
66457399
66457724
66458789
66459548
66461488
66461556
66463703
66468429
66470803
66473209
66474245
66475153
66476517
66476696
66485655
66485745
66485921
66491937
66493431
66503123
66504626
66507296
66513079
66525612
66529228
66532298
66533385
66539262
66546021
66550255
66556523
66560573
66561106
66565193
66567662
66567884
66568528
66572654
66584083
66586960
66594724
66601197
66602026
66611903
66615291
66616557
66619634
66622310
66624143
66624596
66625503
66630884
66631554
66641769
66642361
66644273
66648242
66651531
66653826
66654232
66655950
66657407
66660973
66662099
66662330
66662871
66665638
66681861
66681998
66695559
66696146
66696889
66699942
66701418
66705902
66706317
66709117
66718062
66718718
66719305
66720296
66725452
66727060
66727648
66728380
66735738
66735925
66738623
66742825
66743920
66750826
66751977
66754049
66755357
66756277
66758121
66759064
66763447
66763679
66767049
66772944
66774147
66774202
66776307
66776606
66777152
66778982
66779028
66779135
66780110
66781463
66781771
66781899
66783501
66784027
66788401
66789113
66790733
66792122
66795783
66795799
66796237
66799015
66808074
66812387
66817501
66818456
66818615
66820662
66825988
66828752
66844163
66845822
66852769
66853688
66855379
66862388
66862496
66863128
66867883
66872202
66887344
66888219
66888805
66889855
66891379
66897580
66897660
66899013
66901353
66902548
66904316
66910681
66917426
66922643
66925845
66928022
66928726
66938627
66941590
66948113
66949580
66950544
66951009
66957832
66959392
66960621
66962745
66966357
66976414
66978607
66981982
66994596
66996811
67004951
67008892
67012482
67015311
67020763
67030160
67031864
67033777
67035828
67037363
67044660
67045546
67048672
67049323
67049356
67051202
67053537
67055070
67055133
67057417
67060626
67081464
67081925
67084164
67084258
67084428
67087891
67092830
67093883
67094139
67099122
67101748
67101793
67105432
67105437
67105510
67111061
67111537
67125889
67128935
67130054
67131486
67133470
67137120
67139483
67140049
67141888
67142993
67144659
67146947
67150502
67150514
67151357
67152060
67152789
67154049
67154514
67156300
67156475
67158590
67159306
67165361
67179292
67189052
67191788
67198081
67208505
67208604
67213581
67217243
67225289
67225839
67227660
67236580
67237438
67239438
67243034
67246630
67253695
67255973
67259889
67268177
67273998
67280773
67281685
67301048
67309822
67310543
67311562
67314859
67315320
67324546
67324564
67329293
67331224
67331979
67334289
67336849
67340453
67343220
67350294
67351424
67353297
67357901
67359956
67360842
67361055
67367307
67367786
67380282
67381590
67384434
67402095
67406559
67410895
67414086
67416632
67416801
67419317
67420064
67425077
67426600
67428117
67429630
67438196
67441520
67442358
67444563
67447601
67448328
67449075
67454393
67455053
67455166
67458843
67461743
67463235
67464893
67465398
67465469
67471326
67472928
67482291
67483365
67488512
67489042
67492134
67492533
67493565
67496165
67499324
67499791
67512596
67520460
67521361
67536999
67540053
67541593
67542594
67547537
67553967
67555021
67562840
67567934
67570219
67575909
67585013
67585924
67591309
67602964
67603148
67610343
67611333
67616203
67619743
67628685
67633469
67633776
67638739
67641736
67644121
67647414
67647827
67651406
67672463
67680263
67680682
67681714
67704691
67705680
67707951
67709145
67712136
67714664
67717389
67725128
67728359
67732271
67733306
67743051
67745778
67749628
67752196
67754651
67759859
67760778
67763198
67763415
67764951
67779173
67780648
67783141
67795512
67800647
67802990
67804087
67805213
67809360
67809694
67816945
67830038
67831431
67831478
67834295
67836922
67837628
67845427
67852344
67853486
67853740
67858158
67860969
67862064
67862150
67863537
67865250
67865926
67866922
67868637
67870971
67883724
67887794
67892556
67893109
67893729
67898986
67907073
67907125
67907930
67915003
67917914
67918911
67928146
67929492
67934233
67936421
67938708
67940243
67951118
67951755
67963548
67964579
67967717
67969188
67971479
67972595
67972777
67978019
67978294
67981997
67983744
67983946
67985449
67989260
67993600
67995562
68000072
68003577
68004629
68005466
68005540
68011361
68018212
68022549
68025249
68029868
68031471
68038892
68039887
68040169
68043233
68043516
68044998
68045648
68050227
68054440
68060231
68061324
68061885
68065017
68066495
68086733
68088389
68092872
68094084
68103119
68104642
68106331
68114384
68116890
68117038
68117088
68118444
68120567
68122923
68124024
68127446
68130784
68132491
68132599
68133537
68133982
68135229
68136213
68140537
68143606
68145047
68145716
68146192
68150643
68159822
68160850
68165335
68169665
68170529
68171786
68173088
68177437
68180703
68185966
68187418
68188694
68194106
68194715
68196212
68196535
68197907
68199044
68200557
68200856
68206445
68209167
68214645
68215518
68216427
68219622
68222321
68223718
68229357
68230952
68232444
68232974
68234050
68239240
68239887
68242242
68245634
68247029
68253452
68254467
68254600
68259392
68260609
68265262
68279038
68282096
68282379
68289018
68291969
68297353
68298187
68299014
68303029
68304538
68310806
68314306
68316017
68316527
68320165
68325425
68325559
68326657
68330043
68331739
68333771
68336667
68341045
68341138
68341799
68342702
68348093
68352475
68358416
68364045
68364848
68370293
68375704
68375959
68376465
68377119
68383271
68384218
68387602
68387929
68391226
68392237
68393072
68396206
68405096
68408224
68415318
68418841
68422708
68425335
68426519
68428454
68430386
68430430
68448035
68453561
68484126
68492519
68494075
68496878
68501710
68503990
68506607
68506720
68510804
68512009
68516440
68520683
68522682
68522722
68524589
68524745
68527352
68531637
68546481
68546673
68552552
68555699
68559444
68562780
68563334
68565613
68569979
68572793
68573651
68582511
68582692
68584497
68587875
68590106
68590348
68590407
68592684
68593366
68594936
68599531
68615369
68615639
68615696
68615962
68624113
68627076
68628345
68635023
68635055
68636874
68643880
68644894
68646532
68649205
68653964
68654625
68656091
68663734
68667082
68668604
68670633
68670847
68671424
68672182
68672442
68674635
68675733
68675990
68677150
68681206
68681507
68683304
68689679
68700956
68706991
68707361
68709117
68710645
68714830
68718287
68723460
68728144
68734209
68740773
68743369
68746654
68752147
68767631
68779473
68779476
68779806
68802095
68805481
68808310
68816102
68816451
68818172
68828083
68828677
68832751
68845051
68845788
68845947
68848734
68860852
68865170
68868467
68868787
68873036
68878777
68890016
68896059
68898310
68902331
68903634
68904487
68905555
68906360
68909564
68910444
68910559
68917014
68917395
68918947
68925047
68930190
68930929
68936177
68938177
68939749
68955948
68957750
68960213
68960773
68962097
68964258
68965515
68971789
68972236
68978420
68978663
68983816
68984215
68987693
68988710
68990273
68991904
68991962
68993287
68999152
69/660674
69001356
69009769
69012094
69019495
69028399
69031369
69034700
69050913
69055841
69057124
69065119
69065301
69071227
69071793
69074030
69076161
69078431
69085667
69091707
69093906
69097174
69101854
69109339
69113217
69113693
69115300
69120876
69127527
69130021
69130761
69132188
69132206
69137016
69138609
69140851
69143890
69150313
69161711
69162504
69167998
69172052
69174602
69187002
69187928
69193466
69194689
69196883
69198368
69200187
69200604
69202009
69202505
69203025
69203113
69203510
69204326
69205083
69205088
69206419
69208796
69209682
69212743
69226534
69226823
69229310
69232652
69235544
69241819
69241828
69243327
69243928
69245059
69251372
69251451
69252962
69253612
69254077
69255157
69256963
69259119
69274471
69280248
69295514
69295614
69296326
69296367
69309542
69310736
69313126
69323718
69324233
69326177
69331669
69331700
69342899
69342996
69347352
69347703
69348229
69349396
69349448
69349798
69352734
69356845
69366829
69372655
69384445
69394441
69396469
69398692
69406069
69407706
69412864
69415447
69420492
69424934
69427640
69429521
69433450
69438003
69439597
69450099
69456211
69457754
69465866
69466037
69469440
69470819
69480203
69481401
69482990
69483583
69484076
69484981
69485815
69491523
69493276
69495665
69497401
69500044
69504804
69507585
69510107
69514506
69519762
69533539
69536880
69553387
69572005
69575569
69577067
69589164
69590315
69596129
69601811
69610862
69611264
69616488
69622126
69631720
69634131
69635715
69640229
69641457
69649266
69653321
69658997
69660674
69662574
69662718
69668594
69673940
69680797
69690998
69693154
69693941
69697371
69720727
69722621
69726025
69728066
69729648
69734844
69739803
69740590
69743106
69745057
69745367
69752406
69761031
69763226
69765620
69766840
69772455
69772848
69774509
69775158
69775618
69777021
69777694
69778890
69782206
69783139
69788294
69788500
69793006
69795469
69795917
69798760
69802462
69804689
69804965
69806756
69807072
69808222
69814229
69814383
69815954
69816303
69818933
69819159
69820172
69821603
69822134
69823050
69825128
69825559
69826537
69826910
69827423
69827460
69828729
69828852
69830642
69831053
69831391
69831949
69835875
69837720
69841523
69855406
69860721
69864460
69867239
69869111
69877730
69886642
69887408
69889566
69891328
69899324
69905538
69912011
69914279
69916698
69919972
69922439
69927644
69927727
69930235
69942307
69944725
69951199
69951266
69971448
69975142
69976819
69987312
69987490
69987687
69990606